002000000
027000000
000001000
025001000
000002000
025002000
000003000
025003000
000004000
025004000
000005000
025005000
000006000
025006000
000007000
025007000
000008000
025008000
000009000
025009000
000010000
025010000
000011000
025011000
000012000
025012000
000013000
025013000
000014000
025014000
000015000
025015000
000016000
025016000
000017000
025017000
000018000
025018000
000019000
025019000
000020000
025020000
000021000
025021000
000022000
025022000
000023000
025023000
000024000
025024000
000025000
025025000
000026000
025026000
000027000
025027000
000028000
025028000
000029000
025029000
000030000
025030000
000031000
025031000
000032000
025032000
000033000
025033000
000034000
025034000
000035000
025035000
000036000
025036000
000037000
025037000
000038000
025038000
000039000
025039000
000040000
025040000
000041000
025041000
000042000
025042000
000043000
025043000
000044000
025044000
000045000
025045000
000046000
025046000
000047000
025047000
000048000
025048000
000049000
025049000
000050000
025050000
000051000
025051000
000052000
025052000
000053000
025053000
000054000
025054000
000055000
025055000
000056000
025056000
000057000
025057000
000058000
025058000
000059000
025059000
000060000
025060000
000061000
025061000
000062000
025062000
000063000
025063000
012192000
021192000
012193000
021193000
012194000
021194000
012195000
021195000
012196000
021196000
012197000
021197000
012198000
021198000
012199000
021199000
012200000
021200000
012201000
021201000
012202000
021202000
012203000
021203000
012204000
021204000
012205000
021205000
012206000
021206000
012207000
021207000
012208000
021208000
012209000
021209000
012210000
021210000
012211000
021211000
012212000
021212000
012213000
021213000
012214000
021214000
012215000
021215000
012216000
021216000
012217000
021217000
012218000
021218000
012219000
021219000
012220000
021220000
012221000
021221000
012222000
021222000
012223000
021223000
012224000
021224000
012225000
021225000
012226000
021226000
012227000
021227000
012228000
021228000
012229000
021229000
012230000
021230000
012231000
021231000
012232000
021232000
012233000
021233000
012234000
021234000
012235000
021235000
012236000
021236000
012237000
021237000
012238000
021238000
012239000
021239000
012240000
021240000
012241000
021241000
012242000
021242000
012243000
021243000
012244000
021244000
012245000
021245000
012246000
021246000
012247000
021247000
012248000
021248000
012249000
021249000
012250000
021250000
012251000
021251000
012252000
021252000
012253000
021253000
012254000
021254000
012255000
021255000
