021255000
021254000
021253000
021252000
021251000
021250000
021249000
021248000
021247000
021246000
021245000
021244000
021243000
021242000
021241000
021240000
021239000
021238000
021237000
021236000
021235000
021234000
021233000
021232000
021231000
021230000
021229000
021228000
021227000
021226000
021225000
021224000
021223000
021222000
021221000
021220000
021219000
021218000
021217000
021216000
021215000
021214000
021213000
021212000
021211000
021210000
021209000
021208000
021207000
021206000
021205000
021204000
021203000
021202000
021201000
021200000
021199000
021198000
021197000
021196000
021195000
021194000
021193000
021192000
021191000
021190000
021189000
021188000
021187000
021186000
021185000
021184000
021183000
021182000
021181000
021180000
021179000
021178000
021177000
021176000
021175000
021174000
021173000
021172000
021171000
021170000
021169000
021168000
021167000
021166000
021165000
021164000
021163000
021162000
021161000
021160000
021159000
021158000
021157000
021156000
021155000
021154000
021153000
021152000
021151000
021150000
021149000
021148000
021147000
021146000
021145000
021144000
021143000
021142000
021141000
021140000
021139000
021138000
021137000
021136000
021135000
021134000
021133000
021132000
021131000
021130000
021129000
021128000
001127000
001126000
001125000
001124000
001123000
001122000
001121000
001120000
001119000
001118000
001117000
001116000
001115000
001114000
001113000
001112000
001111000
001110000
001109000
001108000
001107000
001106000
001105000
001104000
001103000
001102000
001101000
001100000
001099000
001098000
001097000
001096000
001095000
001094000
001093000
001092000
001091000
001090000
001089000
001088000
001087000
001086000
001085000
001084000
001083000
001082000
001081000
001080000
001079000
001078000
001077000
001076000
001075000
001074000
001073000
001072000
001071000
001070000
001069000
001068000
001067000
001066000
001065000
001064000
001063000
001062000
001061000
001060000
001059000
001058000
001057000
001056000
001055000
001054000
001053000
001052000
001051000
001050000
001049000
001048000
001047000
001046000
001045000
001044000
001043000
001042000
001041000
001040000
001039000
001038000
001037000
001036000
001035000
001034000
001033000
001032000
001031000
001030000
001029000
001028000
001027000
001026000
001025000
001024000
001023000
001022000
001021000
001020000
001019000
001018000
001017000
001016000
001015000
001014000
001013000
001012000
001011000
001010000
001009000
001008000
001007000
001006000
001005000
001004000
001003000
001002000
001001000
003000000
