002000000
000002000
000004000
000006000
000008000
000010000
000012000
000014000
032016000
032018000
032020000
032022000
032024000
032026000
032028000
032030000
000032000
000034000
000036000
000038000
000040000
000042000
000044000
000046000
032048000
032050000
032052000
032054000
032056000
032058000
032060000
032062000
000064000
000066000
000068000
000070000
000072000
000074000
000076000
000078000
032080000
032082000
032084000
032086000
032088000
032090000
032092000
032094000
000096000
000098000
000100000
000102000
000104000
000106000
000108000
000110000
032112000
032114000
032116000
032118000
032120000
032122000
032124000
032126000
012128000
012130000
012132000
012134000
012136000
012138000
012140000
012142000
044144000
044146000
044148000
044150000
044152000
044154000
044156000
044158000
012160000
012162000
012164000
012166000
012168000
012170000
012172000
012174000
044176000
044178000
044180000
044182000
044184000
044186000
044188000
044190000
012192000
012194000
012196000
012198000
012200000
012202000
012204000
012206000
044208000
044210000
044212000
044214000
044216000
044218000
044220000
044222000
012224000
012226000
012228000
012230000
012232000
012234000
012236000
012238000
044240000
044242000
044244000
044246000
044248000
044250000
044252000
044254000
027000000
025002000
025004000
025006000
025008000
025010000
025012000
025014000
057016000
057018000
057020000
057022000
057024000
057026000
057028000
057030000
025032000
025034000
025036000
025038000
025040000
025042000
025044000
025046000
057048000
057050000
057052000
057054000
057056000
057058000
057060000
057062000
025064000
025066000
025068000
025070000
025072000
025074000
025076000
025078000
057080000
057082000
057084000
057086000
057088000
057090000
057092000
057094000
025096000
025098000
025100000
025102000
025104000
025106000
025108000
025110000
057112000
057114000
057116000
057118000
057120000
057122000
057124000
057126000
021128000
021130000
021132000
021134000
021136000
021138000
021140000
021142000
053144000
053146000
053148000
053150000
053152000
053154000
053156000
053158000
021160000
021162000
021164000
021166000
021168000
021170000
021172000
021174000
053176000
053178000
053180000
053182000
053184000
053186000
053188000
053190000
021192000
021194000
021196000
021198000
021200000
021202000
021204000
021206000
053208000
053210000
053212000
053214000
053216000
053218000
053220000
053222000
021224000
021226000
021228000
021230000
021232000
021234000
021236000
021238000
053240000
053242000
053244000
053246000
053248000
053250000
053252000
053254000
