002000000
027000000
000001000
025001000
000002000
025002000
000003000
025003000
000004000
025004000
000005000
025005000
000006000
025006000
000007000
025007000
000008000
025008000
000009000
025009000
000010000
025010000
000011000
025011000
000012000
025012000
000013000
025013000
000014000
025014000
000015000
025015000
000016000
025016000
000017000
025017000
000018000
025018000
000019000
025019000
000020000
025020000
000021000
025021000
000022000
025022000
000023000
025023000
000024000
025024000
000025000
025025000
000026000
025026000
000027000
025027000
000028000
025028000
000029000
025029000
000030000
025030000
000031000
025031000
000032000
025032000
000033000
025033000
000034000
025034000
000035000
025035000
000036000
025036000
000037000
025037000
000038000
025038000
000039000
025039000
000040000
025040000
000041000
025041000
000042000
025042000
000043000
025043000
000044000
025044000
000045000
025045000
000046000
025046000
000047000
025047000
000048000
025048000
000049000
025049000
000050000
025050000
000051000
025051000
000052000
025052000
000053000
025053000
000054000
025054000
000055000
025055000
000056000
025056000
000057000
025057000
000058000
025058000
000059000
025059000
000060000
025060000
000061000
025061000
000062000
025062000
000063000
025063000
000064000
025064000
000065000
025065000
000066000
025066000
000067000
025067000
000068000
025068000
000069000
025069000
000070000
025070000
000071000
025071000
000072000
025072000
000073000
025073000
000074000
025074000
000075000
025075000
000076000
025076000
000077000
025077000
000078000
025078000
000079000
025079000
000080000
025080000
000081000
025081000
000082000
025082000
000083000
025083000
000084000
025084000
000085000
025085000
000086000
025086000
000087000
025087000
000088000
025088000
000089000
025089000
000090000
025090000
000091000
025091000
000092000
025092000
000093000
025093000
000094000
025094000
000095000
025095000
000096000
025096000
000097000
025097000
000098000
025098000
000099000
025099000
000100000
025100000
000101000
025101000
000102000
025102000
000103000
025103000
000104000
025104000
000105000
025105000
000106000
025106000
000107000
025107000
000108000
025108000
000109000
025109000
000110000
025110000
000111000
025111000
000112000
025112000
000113000
025113000
000114000
025114000
000115000
025115000
000116000
025116000
000117000
025117000
000118000
025118000
000119000
025119000
000120000
025120000
000121000
025121000
000122000
025122000
000123000
025123000
000124000
025124000
000125000
025125000
000126000
025126000
000127000
025127000
