002000000
053255000
053254000
053253000
053252000
053251000
053250000
053249000
053248000
053247000
053246000
053245000
053244000
053243000
053242000
053241000
021240000
053239000
053238000
053237000
053236000
053235000
053234000
053233000
053232000
053231000
053230000
053229000
053228000
053227000
053226000
053225000
021224000
053223000
053222000
053221000
053220000
053219000
053218000
053217000
053216000
053215000
053214000
053213000
053212000
053211000
053210000
053209000
021208000
053207000
053206000
053205000
053204000
053203000
053202000
053201000
053200000
053199000
053198000
053197000
053196000
053195000
053194000
053193000
021192000
053191000
053190000
053189000
053188000
053187000
053186000
053185000
053184000
053183000
053182000
053181000
053180000
053179000
053178000
053177000
021176000
053175000
053174000
053173000
053172000
053171000
053170000
053169000
053168000
053167000
053166000
053165000
053164000
053163000
053162000
053161000
021160000
053159000
053158000
053157000
053156000
053155000
053154000
053153000
053152000
053151000
053150000
053149000
053148000
053147000
053146000
053145000
021144000
053143000
053142000
053141000
053140000
053139000
053138000
053137000
053136000
053135000
053134000
053133000
053132000
053131000
053130000
053129000
013128000
033127000
033126000
033125000
033124000
033123000
033122000
033121000
033120000
033119000
033118000
033117000
033116000
033115000
033114000
033113000
001112000
033111000
033110000
033109000
033108000
033107000
033106000
033105000
033104000
033103000
033102000
033101000
033100000
033099000
033098000
033097000
001096000
033095000
033094000
033093000
033092000
033091000
033090000
033089000
033088000
033087000
033086000
033085000
033084000
033083000
033082000
033081000
001080000
033079000
033078000
033077000
033076000
033075000
033074000
033073000
033072000
033071000
033070000
033069000
033068000
033067000
033066000
033065000
001064000
033063000
033062000
033061000
033060000
033059000
033058000
033057000
033056000
033055000
033054000
033053000
033052000
033051000
033050000
033049000
001048000
033047000
033046000
033045000
033044000
033043000
033042000
033041000
033040000
033039000
033038000
033037000
033036000
033035000
033034000
033033000
001032000
033031000
033030000
033029000
033028000
033027000
033026000
033025000
033024000
033023000
033022000
033021000
033020000
033019000
033018000
033017000
001016000
033015000
033014000
033013000
033012000
033011000
033010000
033009000
033008000
033007000
033006000
033005000
033004000
033003000
033002000
033001000
