000000000
000016000
000032000
000048000
000064000
000080000
000096000
000112000
000128000
000144000
000160000
000176000
000192000
000208000
000224000
000240000
000001000
000017000
000033000
000049000
000065000
000081000
000097000
000113000
000129000
000145000
000161000
000177000
000193000
000209000
000225000
000241000
000002000
000018000
000034000
000050000
000066000
000082000
000098000
000114000
000130000
000146000
000162000
000178000
000194000
000210000
000226000
000242000
000003000
000019000
000035000
000051000
000067000
000083000
000099000
000115000
000131000
000147000
000163000
000179000
000195000
000211000
000227000
000243000
000004000
000020000
000036000
000052000
000068000
000084000
000100000
000116000
000132000
000148000
000164000
000180000
000196000
000212000
000228000
000244000
000005000
000021000
000037000
000053000
000069000
000085000
000101000
000117000
000133000
000149000
000165000
000181000
000197000
000213000
000229000
000245000
000006000
000022000
000038000
000054000
000070000
000086000
000102000
000118000
000134000
000150000
000166000
000182000
000198000
000214000
000230000
000246000
000007000
000023000
000039000
000055000
000071000
000087000
000103000
000119000
000135000
000151000
000167000
000183000
000199000
000215000
000231000
000247000
000008000
000024000
000040000
000056000
000072000
000088000
000104000
000120000
000136000
000152000
000168000
000184000
000200000
000216000
000232000
000248000
000009000
000025000
000041000
000057000
000073000
000089000
000105000
000121000
000137000
000153000
000169000
000185000
000201000
000217000
000233000
000249000
000010000
000026000
000042000
000058000
000074000
000090000
000106000
000122000
000138000
000154000
000170000
000186000
000202000
000218000
000234000
000250000
000011000
000027000
000043000
000059000
000075000
000091000
000107000
000123000
000139000
000155000
000171000
000187000
000203000
000219000
000235000
000251000
000012000
000028000
000044000
000060000
000076000
000092000
000108000
000124000
000140000
000156000
000172000
000188000
000204000
000220000
000236000
000252000
000013000
000029000
000045000
000061000
000077000
000093000
000109000
000125000
000141000
000157000
000173000
000189000
000205000
000221000
000237000
000253000
000014000
000030000
000046000
000062000
000078000
000094000
000110000
000126000
000142000
000158000
000174000
000190000
000206000
000222000
000238000
000254000
000015000
000031000
000047000
000063000
000079000
000095000
000111000
000127000
000143000
000159000
000175000
000191000
000207000
000223000
000239000
000255000
