002000000
000001000
000002000
000003000
000004000
000005000
000006000
000007000
000008000
000009000
000010000
000011000
000012000
000013000
000014000
000015000
000016000
000017000
000018000
000019000
000020000
000021000
000022000
000023000
000024000
000025000
000026000
000027000
000028000
000029000
000030000
000031000
000032000
000033000
000034000
000035000
000036000
000037000
000038000
000039000
000040000
000041000
000042000
000043000
000044000
000045000
000046000
000047000
000048000
000049000
000050000
000051000
000052000
000053000
000054000
000055000
000056000
000057000
000058000
000059000
000060000
000061000
000062000
000063000
000064000
000065000
000066000
000067000
000068000
000069000
000070000
000071000
000072000
000073000
000074000
000075000
000076000
000077000
000078000
000079000
000080000
000081000
000082000
000083000
000084000
000085000
000086000
000087000
000088000
000089000
000090000
000091000
000092000
000093000
000094000
000095000
000096000
000097000
000098000
000099000
000100000
000101000
000102000
000103000
000104000
000105000
000106000
000107000
000108000
000109000
000110000
000111000
000112000
000113000
000114000
000115000
000116000
000117000
000118000
000119000
000120000
000121000
000122000
000123000
000124000
000125000
000126000
000127000
020128000
020129000
020130000
020131000
020132000
020133000
020134000
020135000
020136000
020137000
020138000
020139000
020140000
020141000
020142000
020143000
020144000
020145000
020146000
020147000
020148000
020149000
020150000
020151000
020152000
020153000
020154000
020155000
020156000
020157000
020158000
020159000
020160000
020161000
020162000
020163000
020164000
020165000
020166000
020167000
020168000
020169000
020170000
020171000
020172000
020173000
020174000
020175000
020176000
020177000
020178000
020179000
020180000
020181000
020182000
020183000
020184000
020185000
020186000
020187000
020188000
020189000
020190000
020191000
020192000
020193000
020194000
020195000
020196000
020197000
020198000
020199000
020200000
020201000
020202000
020203000
020204000
020205000
020206000
020207000
020208000
020209000
020210000
020211000
020212000
020213000
020214000
020215000
020216000
020217000
020218000
020219000
020220000
020221000
020222000
020223000
020224000
020225000
020226000
020227000
020228000
020229000
020230000
020231000
020232000
020233000
020234000
020235000
020236000
020237000
020238000
020239000
020240000
020241000
020242000
020243000
020244000
020245000
020246000
020247000
020248000
020249000
020250000
020251000
020252000
020253000
020254000
020255000
